replicates: 6 NS 1063614
== ALL replicates 6
scenario                         S21    S21/21   trk_tot   pre7000   ne5kya per-rep S21
R0_ctrl_Ne1e4_gy20            3875.6     184.6     15166     0.689    10000 [3887.0, 3854.5, 3914.5, 3895.5, 3889.5, 3812.5]
R0_ctrl_Ne1.4e5_gy20            18.9       0.9      1347     0.977   140000 [16.5, 19.0, 19.5, 19.5, 19.5, 19.5]
R0_ctrl_Ne1e4                 2483.7     118.3     12037     0.745    10000 [2469.5, 2548.5, 2415.0, 2500.0, 2492.0, 2477.0]
R0_ctrl_Ne1.4e5                 14.1       0.7      1180     0.981   140000 [11.0, 13.5, 14.0, 17.0, 13.5, 15.5]
R0_Gravel                      709.6      33.8      6002     0.824    16813 [686.5, 691.0, 726.0, 694.0, 721.5, 738.5]
R0_Gazave                     3387.2     161.3     13682     0.661     5633 [3310.0, 3382.5, 3308.0, 3457.5, 3455.0, 3410.0]
R0_Coventry                   3278.8     156.1     13776     0.699     7700 [3183.0, 3322.0, 3285.5, 3264.5, 3324.0, 3294.0]
R0_Nelson                       31.2       1.5      1132     0.931   137363 [34.0, 34.0, 30.0, 23.0, 40.0, 26.5]
R0_Nelson_g1.2                   5.9       0.3       768     0.985   368093 [4.0, 4.5, 10.5, 5.0, 6.5, 5.0]
R0_Nelson_g2.3                 435.2      20.7      3366     0.537    42358 [413.5, 444.0, 431.0, 426.5, 453.0, 443.0]
R2_ctrl_Ne1e4_gy20            2272.1     108.2      8233     0.655    10000 [2264.5, 2293.5, 2316.5, 2262.0, 2256.5, 2239.5]
R2_ctrl_Ne1.4e5_gy20            69.8       3.3       902     0.874   140000 [66.0, 58.5, 70.5, 75.5, 78.5, 69.5]
R2_ctrl_Ne1e4                 1573.8      74.9      6270     0.679    10000 [1561.5, 1568.5, 1606.5, 1546.0, 1591.5, 1568.5]
R2_ctrl_Ne1.4e5                 57.2       2.7       780     0.882   140000 [55.5, 58.0, 60.0, 60.0, 58.0, 52.0]
R2_Gravel                      520.6      24.8      2845     0.733    16813 [504.0, 534.0, 521.5, 522.5, 534.0, 507.5]
R2_Gazave                     1321.8      62.9      5687     0.675     5633 [1338.5, 1348.5, 1307.5, 1345.0, 1297.5, 1293.5]
R2_Coventry                   1744.9      83.1      6858     0.669     7700 [1778.0, 1724.0, 1708.0, 1738.0, 1715.0, 1806.5]
R2_Nelson                       49.8       2.4       633     0.844   137363 [50.0, 42.0, 50.5, 53.0, 48.5, 55.0]
R2_Nelson_g1.2                  25.8       1.2       523     0.908   368093 [29.5, 25.5, 31.0, 22.0, 22.0, 24.5]
R2_Nelson_g2.3                  95.4       4.5      1033     0.738    42358 [97.5, 93.5, 91.5, 108.5, 96.5, 85.0]
== replicates 0-2 only (the original C1e panels) 3
scenario                         S21    S21/21   trk_tot   pre7000   ne5kya per-rep S21
R0_ctrl_Ne1e4_gy20            3885.3     185.0     15204     0.690    10000 [3887.0, 3854.5, 3914.5]
R0_ctrl_Ne1.4e5_gy20            18.3       0.9      1348     0.977   140000 [16.5, 19.0, 19.5]
R0_ctrl_Ne1e4                 2477.7     118.0     12099     0.745    10000 [2469.5, 2548.5, 2415.0]
R0_ctrl_Ne1.4e5                 12.8       0.6      1186     0.982   140000 [11.0, 13.5, 14.0]
R0_Gravel                      701.2      33.4      6012     0.826    16813 [686.5, 691.0, 726.0]
R0_Gazave                     3333.5     158.7     13656     0.664     5633 [3310.0, 3382.5, 3308.0]
R0_Coventry                   3263.5     155.4     13800     0.701     7700 [3183.0, 3322.0, 3285.5]
R0_Nelson                       32.7       1.6      1144     0.934   137363 [34.0, 34.0, 30.0]
R0_Nelson_g1.2                   6.3       0.3       765     0.985   368093 [4.0, 4.5, 10.5]
R0_Nelson_g2.3                 429.5      20.5      3362     0.538    42358 [413.5, 444.0, 431.0]
R2_ctrl_Ne1e4_gy20            2291.5     109.1      8290     0.653    10000 [2264.5, 2293.5, 2316.5]
R2_ctrl_Ne1.4e5_gy20            65.0       3.1       905     0.878   140000 [66.0, 58.5, 70.5]
R2_ctrl_Ne1e4                 1578.8      75.2      6309     0.678    10000 [1561.5, 1568.5, 1606.5]
R2_ctrl_Ne1.4e5                 57.8       2.8       769     0.879   140000 [55.5, 58.0, 60.0]
R2_Gravel                      519.8      24.8      2849     0.733    16813 [504.0, 534.0, 521.5]
R2_Gazave                     1331.5      63.4      5666     0.672     5633 [1338.5, 1348.5, 1307.5]
R2_Coventry                   1736.7      82.7      6858     0.670     7700 [1778.0, 1724.0, 1708.0]
R2_Nelson                       47.5       2.3       627     0.843   137363 [50.0, 42.0, 50.5]
R2_Nelson_g1.2                  28.7       1.4       532     0.900   368093 [29.5, 25.5, 31.0]
R2_Nelson_g2.3                  94.2       4.5      1047     0.734    42358 [97.5, 93.5, 91.5]
