ssh:5: command not found: _lion_remote_term
replicates: 3 NS 1063614
scenario                       S21    S21/21   trk_tot   pre7000 ne(5kya)  n_draws
R0_ctrl_Ne1e4               3896.7     185.6     15120     0.687    10000  6  (draws: [3856, 3844, 3877, 3937, 3940, 3926])
R0_ctrl_Ne1.4e5               16.5       0.8      1353     0.978   140000  6  (draws: [15, 16, 8, 21, 18, 21])
R0_Gravel                   1127.0      53.7      7603     0.782    16813  6  (draws: [1099, 1096, 1141, 1110, 1173, 1143])
R0_Gazave                   5163.8     245.9     17225     0.599     5633  6  (draws: [5014, 5149, 5303, 5156, 5143, 5218])
R0_Coventry                 5102.3     243.0     17380     0.637     7700  6  (draws: [4976, 5069, 5189, 5108, 5173, 5099])
R0_Nelson                     42.0       2.0      1308     0.916   137363  6  (draws: [45, 44, 37, 42, 45, 39])
R0_Nelson_g1.2                 5.3       0.3       790     0.983   368093  6  (draws: [5, 7, 4, 1, 6, 9])
R0_Nelson_g2.3               601.7      28.7      4143     0.471    42358  6  (draws: [609, 619, 594, 555, 622, 611])
R2_ctrl_Ne1e4               2281.3     108.6      8240     0.653    10000  6  (draws: [2246, 2221, 2289, 2246, 2310, 2376])
R2_ctrl_Ne1.4e5               86.2       4.1       921     0.861   140000  6  (draws: [96, 107, 95, 75, 72, 72])
R2_Gravel                    737.8      35.1      3643     0.707    16813  6  (draws: [744, 747, 704, 738, 763, 731])
R2_Gazave                   1900.3      90.5      7357     0.642     5633  6  (draws: [1924, 1868, 1909, 1877, 1914, 1910])
R2_Coventry                 2550.3     121.4      8879     0.635     7700  6  (draws: [2578, 2569, 2573, 2620, 2478, 2484])
R2_Nelson                     50.8       2.4       715     0.840   137363  6  (draws: [46, 42, 50, 69, 51, 47])
R2_Nelson_g1.2                33.8       1.6       564     0.894   368093  6  (draws: [28, 32, 31, 47, 36, 29])
R2_Nelson_g2.3               107.2       5.1      1236     0.736    42358  6  (draws: [90, 110, 102, 88, 127, 126])
